0.00348947 0.0947624 0.278972 0.00697009 0.242646 0.106605 0.00275969 0.161255 0.00440823 0.098133 
0.0523922 0.24398 0.00242587 0.321985 0.0179213 0.0189817 0.16718 0.175134 
0.0461422 0.281953 0.114792 0.401049 0.156064 
0.180129 0.242283 0.0325528 0.136998 0.0361546 0.0633354 0.0327908 0.0606366 0.000912291 0.0459607 0.0535349 0.114711 
0.0051524 0.151564 0.0331478 0.348026 0.158714 0.192989 0.0356171 0.037705 0.00364853 0.0334368 
0.271505 0.10682 0.571795 0.0498796 
0.0410025 0.19931 0.114663 0.352601 0.16346 0.00876204 0.120202 
0.123429 0.10595 0.391928 0.0112194 0.103334 0.264141 
0.204817 0.223874 0.0131066 0.206352 0.290463 0.0613883 
0.0393281 0.188629 0.2313 0.0224968 0.0194278 0.370971 0.127847 
0.000809668 0.223949 0.171162 0.0475441 0.101565 0.354318 0.00775761 0.0928946 
0.110813 0.0966412 0.0302407 0.0521989 0.0772019 0.155376 0.321039 0.136413 0.0200766 
